{
  "nbformat": 4,
  "nbformat_minor": 0,
  "metadata": {
    "colab": {
      "provenance": [],
      "authorship_tag": "ABX9TyNuz+3HHmHmpaZKdrLpt3Zn",
      "include_colab_link": true
    },
    "kernelspec": {
      "name": "python3",
      "display_name": "Python 3"
    },
    "language_info": {
      "name": "python"
    }
  },
  "cells": [
    {
      "cell_type": "markdown",
      "metadata": {
        "id": "view-in-github",
        "colab_type": "text"
      },
      "source": [
        "<a href=\"https://colab.research.google.com/github/kumarhardik47/MachineLearning/blob/main/Pandas.ipynb\" target=\"_parent\"><img src=\"https://colab.research.google.com/assets/colab-badge.svg\" alt=\"Open In Colab\"/></a>"
      ]
    },
    {
      "cell_type": "code",
      "execution_count": null,
      "metadata": {
        "id": "W2XEmFHrDLuw"
      },
      "outputs": [],
      "source": [
        "# Pandas\n",
        "# Useful for Data Processing & Analysis\n",
        "#\n",
        "# Pandas DataFrame\n",
        "# Pandas DataFrame is a two dimensional tabular data structure with labelled axis( rows and columns)\n",
        "\n",
        "#import pandas library\n",
        "import pandas as pd\n",
        "\n",
        "#Creating Pandas DataFrame\n",
        "\n",
        "#Lets import diabetes dataset from sklearn.\n",
        "\n",
        "from sklearn.datasets import load_diabetes\n",
        "\n",
        "diabetes_dataset = load_diabetes()\n",
        "print(type(diabetes_dataset))\n",
        "#print (diabetes_dataset)\n",
        "\n",
        "#Create dataframe\n",
        "diabetes_df = pd.DataFrame(diabetes_dataset.data, columns = diabetes_dataset.feature_names)\n",
        "\n",
        "print(diabetes_df.head())\n",
        "diabetes_df.shape\n"
      ]
    },
    {
      "cell_type": "code",
      "source": [
        "# Import data from a csv file\n",
        "\n",
        "import pandas as pd\n",
        "\n",
        "boston_df = pd.read_csv('/content/sample_data/HousingData.csv')\n",
        "\n",
        "print(boston_df.head())\n",
        "print(boston_df.shape)\n"
      ],
      "metadata": {
        "collapsed": true,
        "id": "s8odYrMgOFee"
      },
      "execution_count": null,
      "outputs": []
    },
    {
      "cell_type": "code",
      "source": [
        "# Create Dataframe with random values\n",
        "import numpy as np\n",
        "random_df = pd.DataFrame(np.random.rand(10,100))\n",
        "#print(random_df)\n",
        "\n",
        "#Inspecting a dataframe\n",
        "\n",
        "#Find rows and columns\n",
        "print(boston_df.shape)\n",
        "print(boston_df.head())\n",
        "print(boston_df.tail())\n",
        "\n",
        "print(boston_df.info())\n",
        "\n",
        "#Find missing values\n",
        "print(boston_df.isnull().sum())\n",
        "\n",
        "\n",
        "#diabetes_df\n",
        "\n",
        "\n"
      ],
      "metadata": {
        "id": "839fXPnGQq9v"
      },
      "execution_count": null,
      "outputs": []
    },
    {
      "cell_type": "code",
      "source": [
        "#print(diabetes_df.head())\n",
        "\n",
        "#count unique occurene of values in a column\n",
        "print(diabetes_df.value_counts('bmi'))\n",
        "\n",
        "#Group the values based on the mean\n",
        "print(diabetes_df.groupby('bmi').mean())\n",
        "\n",
        "\n"
      ],
      "metadata": {
        "id": "IRj0dwzWSm62"
      },
      "execution_count": null,
      "outputs": []
    },
    {
      "cell_type": "code",
      "source": [
        "#Statistical Measures\n",
        "\n",
        "#count of each column\n",
        "print(boston_df.count())\n",
        "\n",
        "#mean of each column\n",
        "print(boston_df.mean())\n",
        "\n",
        "#standard deviation\n",
        "print(boston_df.std())\n",
        "\n",
        "#min value of waech column\n",
        "print(boston_df.min())\n",
        "\n",
        "#max value of waech column\n",
        "print(boston_df.max())\n",
        "\n",
        "\n",
        "#####################ALL ABOVE COMBINED ###############\n",
        "\n",
        "print(boston_df.describe())\n"
      ],
      "metadata": {
        "id": "DOAcabjSqdGY"
      },
      "execution_count": null,
      "outputs": []
    },
    {
      "cell_type": "code",
      "source": [
        "#Manipulate a DataFrame\n",
        "#\n",
        "\n",
        "#add a column to a df\n",
        "#boston_df['price'] = boston_dataset.target\n",
        "\n",
        "#remove a column\n",
        "boston_df.drop(index=0, axis=1) # 1st column  # to remove row, gice axis =0 or to remove column give axis =1\n",
        "\n",
        "#locate a row using index value\n",
        "boston_df.iloc[2]\n",
        "\n",
        "#print 1st column of df\n",
        "boston_df.iloc[:,0]\n"
      ],
      "metadata": {
        "id": "4n0bTKYYrodo"
      },
      "execution_count": null,
      "outputs": []
    },
    {
      "cell_type": "code",
      "source": [
        "## CORRELATION -- it is findind the relation between different columns\n",
        "\n",
        "# POSITIVE CORRELATION\n",
        "# NEGATIVE CORRELATION\n",
        "\n",
        "boston_df.corr()\n"
      ],
      "metadata": {
        "colab": {
          "base_uri": "https://localhost:8080/",
          "height": 488
        },
        "id": "gULagxMUtfCv",
        "outputId": "a83150bf-ec50-44a7-b228-ba708916dc16"
      },
      "execution_count": 45,
      "outputs": [
        {
          "output_type": "execute_result",
          "data": {
            "text/plain": [
              "             CRIM        ZN     INDUS      CHAS       NOX        RM       AGE  \\\n",
              "CRIM     1.000000 -0.191178  0.401863 -0.054355  0.417130 -0.219150  0.354342   \n",
              "ZN      -0.191178  1.000000 -0.531871 -0.037229 -0.513704  0.320800 -0.563801   \n",
              "INDUS    0.401863 -0.531871  1.000000  0.059859  0.764866 -0.390234  0.638431   \n",
              "CHAS    -0.054355 -0.037229  0.059859  1.000000  0.075097  0.104885  0.078831   \n",
              "NOX      0.417130 -0.513704  0.764866  0.075097  1.000000 -0.302188  0.731548   \n",
              "RM      -0.219150  0.320800 -0.390234  0.104885 -0.302188  1.000000 -0.247337   \n",
              "AGE      0.354342 -0.563801  0.638431  0.078831  0.731548 -0.247337  1.000000   \n",
              "DIS     -0.374166  0.656739 -0.711709 -0.093971 -0.769230  0.205246 -0.744844   \n",
              "RAD      0.624765 -0.310919  0.604533  0.001468  0.611441 -0.209847  0.458349   \n",
              "TAX      0.580595 -0.312371  0.731055 -0.032304  0.668023 -0.292048  0.509114   \n",
              "PTRATIO  0.281110 -0.414046  0.390954 -0.111304  0.188933 -0.355501  0.269226   \n",
              "B       -0.381411  0.171303 -0.360532  0.051264 -0.380051  0.128069 -0.275303   \n",
              "LSTAT    0.444943 -0.414193  0.590690 -0.047424  0.582641 -0.614339  0.602891   \n",
              "MEDV    -0.391363  0.373136 -0.481772  0.181391 -0.427321  0.695360 -0.394656   \n",
              "\n",
              "              DIS       RAD       TAX   PTRATIO         B     LSTAT      MEDV  \n",
              "CRIM    -0.374166  0.624765  0.580595  0.281110 -0.381411  0.444943 -0.391363  \n",
              "ZN       0.656739 -0.310919 -0.312371 -0.414046  0.171303 -0.414193  0.373136  \n",
              "INDUS   -0.711709  0.604533  0.731055  0.390954 -0.360532  0.590690 -0.481772  \n",
              "CHAS    -0.093971  0.001468 -0.032304 -0.111304  0.051264 -0.047424  0.181391  \n",
              "NOX     -0.769230  0.611441  0.668023  0.188933 -0.380051  0.582641 -0.427321  \n",
              "RM       0.205246 -0.209847 -0.292048 -0.355501  0.128069 -0.614339  0.695360  \n",
              "AGE     -0.744844  0.458349  0.509114  0.269226 -0.275303  0.602891 -0.394656  \n",
              "DIS      1.000000 -0.494588 -0.534432 -0.232471  0.291512 -0.493328  0.249929  \n",
              "RAD     -0.494588  1.000000  0.910228  0.464741 -0.444413  0.479541 -0.381626  \n",
              "TAX     -0.534432  0.910228  1.000000  0.460853 -0.441808  0.536110 -0.468536  \n",
              "PTRATIO -0.232471  0.464741  0.460853  1.000000 -0.177383  0.375966 -0.507787  \n",
              "B        0.291512 -0.444413 -0.441808 -0.177383  1.000000 -0.369889  0.333461  \n",
              "LSTAT   -0.493328  0.479541  0.536110  0.375966 -0.369889  1.000000 -0.735822  \n",
              "MEDV     0.249929 -0.381626 -0.468536 -0.507787  0.333461 -0.735822  1.000000  "
            ],
            "text/html": [
              "\n",
              "  <div id=\"df-40fe2b70-86ec-4a61-96ce-888c830cb8c2\" class=\"colab-df-container\">\n",
              "    <div>\n",
              "<style scoped>\n",
              "    .dataframe tbody tr th:only-of-type {\n",
              "        vertical-align: middle;\n",
              "    }\n",
              "\n",
              "    .dataframe tbody tr th {\n",
              "        vertical-align: top;\n",
              "    }\n",
              "\n",
              "    .dataframe thead th {\n",
              "        text-align: right;\n",
              "    }\n",
              "</style>\n",
              "<table border=\"1\" class=\"dataframe\">\n",
              "  <thead>\n",
              "    <tr style=\"text-align: right;\">\n",
              "      <th></th>\n",
              "      <th>CRIM</th>\n",
              "      <th>ZN</th>\n",
              "      <th>INDUS</th>\n",
              "      <th>CHAS</th>\n",
              "      <th>NOX</th>\n",
              "      <th>RM</th>\n",
              "      <th>AGE</th>\n",
              "      <th>DIS</th>\n",
              "      <th>RAD</th>\n",
              "      <th>TAX</th>\n",
              "      <th>PTRATIO</th>\n",
              "      <th>B</th>\n",
              "      <th>LSTAT</th>\n",
              "      <th>MEDV</th>\n",
              "    </tr>\n",
              "  </thead>\n",
              "  <tbody>\n",
              "    <tr>\n",
              "      <th>CRIM</th>\n",
              "      <td>1.000000</td>\n",
              "      <td>-0.191178</td>\n",
              "      <td>0.401863</td>\n",
              "      <td>-0.054355</td>\n",
              "      <td>0.417130</td>\n",
              "      <td>-0.219150</td>\n",
              "      <td>0.354342</td>\n",
              "      <td>-0.374166</td>\n",
              "      <td>0.624765</td>\n",
              "      <td>0.580595</td>\n",
              "      <td>0.281110</td>\n",
              "      <td>-0.381411</td>\n",
              "      <td>0.444943</td>\n",
              "      <td>-0.391363</td>\n",
              "    </tr>\n",
              "    <tr>\n",
              "      <th>ZN</th>\n",
              "      <td>-0.191178</td>\n",
              "      <td>1.000000</td>\n",
              "      <td>-0.531871</td>\n",
              "      <td>-0.037229</td>\n",
              "      <td>-0.513704</td>\n",
              "      <td>0.320800</td>\n",
              "      <td>-0.563801</td>\n",
              "      <td>0.656739</td>\n",
              "      <td>-0.310919</td>\n",
              "      <td>-0.312371</td>\n",
              "      <td>-0.414046</td>\n",
              "      <td>0.171303</td>\n",
              "      <td>-0.414193</td>\n",
              "      <td>0.373136</td>\n",
              "    </tr>\n",
              "    <tr>\n",
              "      <th>INDUS</th>\n",
              "      <td>0.401863</td>\n",
              "      <td>-0.531871</td>\n",
              "      <td>1.000000</td>\n",
              "      <td>0.059859</td>\n",
              "      <td>0.764866</td>\n",
              "      <td>-0.390234</td>\n",
              "      <td>0.638431</td>\n",
              "      <td>-0.711709</td>\n",
              "      <td>0.604533</td>\n",
              "      <td>0.731055</td>\n",
              "      <td>0.390954</td>\n",
              "      <td>-0.360532</td>\n",
              "      <td>0.590690</td>\n",
              "      <td>-0.481772</td>\n",
              "    </tr>\n",
              "    <tr>\n",
              "      <th>CHAS</th>\n",
              "      <td>-0.054355</td>\n",
              "      <td>-0.037229</td>\n",
              "      <td>0.059859</td>\n",
              "      <td>1.000000</td>\n",
              "      <td>0.075097</td>\n",
              "      <td>0.104885</td>\n",
              "      <td>0.078831</td>\n",
              "      <td>-0.093971</td>\n",
              "      <td>0.001468</td>\n",
              "      <td>-0.032304</td>\n",
              "      <td>-0.111304</td>\n",
              "      <td>0.051264</td>\n",
              "      <td>-0.047424</td>\n",
              "      <td>0.181391</td>\n",
              "    </tr>\n",
              "    <tr>\n",
              "      <th>NOX</th>\n",
              "      <td>0.417130</td>\n",
              "      <td>-0.513704</td>\n",
              "      <td>0.764866</td>\n",
              "      <td>0.075097</td>\n",
              "      <td>1.000000</td>\n",
              "      <td>-0.302188</td>\n",
              "      <td>0.731548</td>\n",
              "      <td>-0.769230</td>\n",
              "      <td>0.611441</td>\n",
              "      <td>0.668023</td>\n",
              "      <td>0.188933</td>\n",
              "      <td>-0.380051</td>\n",
              "      <td>0.582641</td>\n",
              "      <td>-0.427321</td>\n",
              "    </tr>\n",
              "    <tr>\n",
              "      <th>RM</th>\n",
              "      <td>-0.219150</td>\n",
              "      <td>0.320800</td>\n",
              "      <td>-0.390234</td>\n",
              "      <td>0.104885</td>\n",
              "      <td>-0.302188</td>\n",
              "      <td>1.000000</td>\n",
              "      <td>-0.247337</td>\n",
              "      <td>0.205246</td>\n",
              "      <td>-0.209847</td>\n",
              "      <td>-0.292048</td>\n",
              "      <td>-0.355501</td>\n",
              "      <td>0.128069</td>\n",
              "      <td>-0.614339</td>\n",
              "      <td>0.695360</td>\n",
              "    </tr>\n",
              "    <tr>\n",
              "      <th>AGE</th>\n",
              "      <td>0.354342</td>\n",
              "      <td>-0.563801</td>\n",
              "      <td>0.638431</td>\n",
              "      <td>0.078831</td>\n",
              "      <td>0.731548</td>\n",
              "      <td>-0.247337</td>\n",
              "      <td>1.000000</td>\n",
              "      <td>-0.744844</td>\n",
              "      <td>0.458349</td>\n",
              "      <td>0.509114</td>\n",
              "      <td>0.269226</td>\n",
              "      <td>-0.275303</td>\n",
              "      <td>0.602891</td>\n",
              "      <td>-0.394656</td>\n",
              "    </tr>\n",
              "    <tr>\n",
              "      <th>DIS</th>\n",
              "      <td>-0.374166</td>\n",
              "      <td>0.656739</td>\n",
              "      <td>-0.711709</td>\n",
              "      <td>-0.093971</td>\n",
              "      <td>-0.769230</td>\n",
              "      <td>0.205246</td>\n",
              "      <td>-0.744844</td>\n",
              "      <td>1.000000</td>\n",
              "      <td>-0.494588</td>\n",
              "      <td>-0.534432</td>\n",
              "      <td>-0.232471</td>\n",
              "      <td>0.291512</td>\n",
              "      <td>-0.493328</td>\n",
              "      <td>0.249929</td>\n",
              "    </tr>\n",
              "    <tr>\n",
              "      <th>RAD</th>\n",
              "      <td>0.624765</td>\n",
              "      <td>-0.310919</td>\n",
              "      <td>0.604533</td>\n",
              "      <td>0.001468</td>\n",
              "      <td>0.611441</td>\n",
              "      <td>-0.209847</td>\n",
              "      <td>0.458349</td>\n",
              "      <td>-0.494588</td>\n",
              "      <td>1.000000</td>\n",
              "      <td>0.910228</td>\n",
              "      <td>0.464741</td>\n",
              "      <td>-0.444413</td>\n",
              "      <td>0.479541</td>\n",
              "      <td>-0.381626</td>\n",
              "    </tr>\n",
              "    <tr>\n",
              "      <th>TAX</th>\n",
              "      <td>0.580595</td>\n",
              "      <td>-0.312371</td>\n",
              "      <td>0.731055</td>\n",
              "      <td>-0.032304</td>\n",
              "      <td>0.668023</td>\n",
              "      <td>-0.292048</td>\n",
              "      <td>0.509114</td>\n",
              "      <td>-0.534432</td>\n",
              "      <td>0.910228</td>\n",
              "      <td>1.000000</td>\n",
              "      <td>0.460853</td>\n",
              "      <td>-0.441808</td>\n",
              "      <td>0.536110</td>\n",
              "      <td>-0.468536</td>\n",
              "    </tr>\n",
              "    <tr>\n",
              "      <th>PTRATIO</th>\n",
              "      <td>0.281110</td>\n",
              "      <td>-0.414046</td>\n",
              "      <td>0.390954</td>\n",
              "      <td>-0.111304</td>\n",
              "      <td>0.188933</td>\n",
              "      <td>-0.355501</td>\n",
              "      <td>0.269226</td>\n",
              "      <td>-0.232471</td>\n",
              "      <td>0.464741</td>\n",
              "      <td>0.460853</td>\n",
              "      <td>1.000000</td>\n",
              "      <td>-0.177383</td>\n",
              "      <td>0.375966</td>\n",
              "      <td>-0.507787</td>\n",
              "    </tr>\n",
              "    <tr>\n",
              "      <th>B</th>\n",
              "      <td>-0.381411</td>\n",
              "      <td>0.171303</td>\n",
              "      <td>-0.360532</td>\n",
              "      <td>0.051264</td>\n",
              "      <td>-0.380051</td>\n",
              "      <td>0.128069</td>\n",
              "      <td>-0.275303</td>\n",
              "      <td>0.291512</td>\n",
              "      <td>-0.444413</td>\n",
              "      <td>-0.441808</td>\n",
              "      <td>-0.177383</td>\n",
              "      <td>1.000000</td>\n",
              "      <td>-0.369889</td>\n",
              "      <td>0.333461</td>\n",
              "    </tr>\n",
              "    <tr>\n",
              "      <th>LSTAT</th>\n",
              "      <td>0.444943</td>\n",
              "      <td>-0.414193</td>\n",
              "      <td>0.590690</td>\n",
              "      <td>-0.047424</td>\n",
              "      <td>0.582641</td>\n",
              "      <td>-0.614339</td>\n",
              "      <td>0.602891</td>\n",
              "      <td>-0.493328</td>\n",
              "      <td>0.479541</td>\n",
              "      <td>0.536110</td>\n",
              "      <td>0.375966</td>\n",
              "      <td>-0.369889</td>\n",
              "      <td>1.000000</td>\n",
              "      <td>-0.735822</td>\n",
              "    </tr>\n",
              "    <tr>\n",
              "      <th>MEDV</th>\n",
              "      <td>-0.391363</td>\n",
              "      <td>0.373136</td>\n",
              "      <td>-0.481772</td>\n",
              "      <td>0.181391</td>\n",
              "      <td>-0.427321</td>\n",
              "      <td>0.695360</td>\n",
              "      <td>-0.394656</td>\n",
              "      <td>0.249929</td>\n",
              "      <td>-0.381626</td>\n",
              "      <td>-0.468536</td>\n",
              "      <td>-0.507787</td>\n",
              "      <td>0.333461</td>\n",
              "      <td>-0.735822</td>\n",
              "      <td>1.000000</td>\n",
              "    </tr>\n",
              "  </tbody>\n",
              "</table>\n",
              "</div>\n",
              "    <div class=\"colab-df-buttons\">\n",
              "\n",
              "  <div class=\"colab-df-container\">\n",
              "    <button class=\"colab-df-convert\" onclick=\"convertToInteractive('df-40fe2b70-86ec-4a61-96ce-888c830cb8c2')\"\n",
              "            title=\"Convert this dataframe to an interactive table.\"\n",
              "            style=\"display:none;\">\n",
              "\n",
              "  <svg xmlns=\"http://www.w3.org/2000/svg\" height=\"24px\" viewBox=\"0 -960 960 960\">\n",
              "    <path d=\"M120-120v-720h720v720H120Zm60-500h600v-160H180v160Zm220 220h160v-160H400v160Zm0 220h160v-160H400v160ZM180-400h160v-160H180v160Zm440 0h160v-160H620v160ZM180-180h160v-160H180v160Zm440 0h160v-160H620v160Z\"/>\n",
              "  </svg>\n",
              "    </button>\n",
              "\n",
              "  <style>\n",
              "    .colab-df-container {\n",
              "      display:flex;\n",
              "      gap: 12px;\n",
              "    }\n",
              "\n",
              "    .colab-df-convert {\n",
              "      background-color: #E8F0FE;\n",
              "      border: none;\n",
              "      border-radius: 50%;\n",
              "      cursor: pointer;\n",
              "      display: none;\n",
              "      fill: #1967D2;\n",
              "      height: 32px;\n",
              "      padding: 0 0 0 0;\n",
              "      width: 32px;\n",
              "    }\n",
              "\n",
              "    .colab-df-convert:hover {\n",
              "      background-color: #E2EBFA;\n",
              "      box-shadow: 0px 1px 2px rgba(60, 64, 67, 0.3), 0px 1px 3px 1px rgba(60, 64, 67, 0.15);\n",
              "      fill: #174EA6;\n",
              "    }\n",
              "\n",
              "    .colab-df-buttons div {\n",
              "      margin-bottom: 4px;\n",
              "    }\n",
              "\n",
              "    [theme=dark] .colab-df-convert {\n",
              "      background-color: #3B4455;\n",
              "      fill: #D2E3FC;\n",
              "    }\n",
              "\n",
              "    [theme=dark] .colab-df-convert:hover {\n",
              "      background-color: #434B5C;\n",
              "      box-shadow: 0px 1px 3px 1px rgba(0, 0, 0, 0.15);\n",
              "      filter: drop-shadow(0px 1px 2px rgba(0, 0, 0, 0.3));\n",
              "      fill: #FFFFFF;\n",
              "    }\n",
              "  </style>\n",
              "\n",
              "    <script>\n",
              "      const buttonEl =\n",
              "        document.querySelector('#df-40fe2b70-86ec-4a61-96ce-888c830cb8c2 button.colab-df-convert');\n",
              "      buttonEl.style.display =\n",
              "        google.colab.kernel.accessAllowed ? 'block' : 'none';\n",
              "\n",
              "      async function convertToInteractive(key) {\n",
              "        const element = document.querySelector('#df-40fe2b70-86ec-4a61-96ce-888c830cb8c2');\n",
              "        const dataTable =\n",
              "          await google.colab.kernel.invokeFunction('convertToInteractive',\n",
              "                                                    [key], {});\n",
              "        if (!dataTable) return;\n",
              "\n",
              "        const docLinkHtml = 'Like what you see? Visit the ' +\n",
              "          '<a target=\"_blank\" href=https://colab.research.google.com/notebooks/data_table.ipynb>data table notebook</a>'\n",
              "          + ' to learn more about interactive tables.';\n",
              "        element.innerHTML = '';\n",
              "        dataTable['output_type'] = 'display_data';\n",
              "        await google.colab.output.renderOutput(dataTable, element);\n",
              "        const docLink = document.createElement('div');\n",
              "        docLink.innerHTML = docLinkHtml;\n",
              "        element.appendChild(docLink);\n",
              "      }\n",
              "    </script>\n",
              "  </div>\n",
              "\n",
              "\n",
              "<div id=\"df-a1216edf-033d-483c-b72a-f0064070396a\">\n",
              "  <button class=\"colab-df-quickchart\" onclick=\"quickchart('df-a1216edf-033d-483c-b72a-f0064070396a')\"\n",
              "            title=\"Suggest charts\"\n",
              "            style=\"display:none;\">\n",
              "\n",
              "<svg xmlns=\"http://www.w3.org/2000/svg\" height=\"24px\"viewBox=\"0 0 24 24\"\n",
              "     width=\"24px\">\n",
              "    <g>\n",
              "        <path d=\"M19 3H5c-1.1 0-2 .9-2 2v14c0 1.1.9 2 2 2h14c1.1 0 2-.9 2-2V5c0-1.1-.9-2-2-2zM9 17H7v-7h2v7zm4 0h-2V7h2v10zm4 0h-2v-4h2v4z\"/>\n",
              "    </g>\n",
              "</svg>\n",
              "  </button>\n",
              "\n",
              "<style>\n",
              "  .colab-df-quickchart {\n",
              "      --bg-color: #E8F0FE;\n",
              "      --fill-color: #1967D2;\n",
              "      --hover-bg-color: #E2EBFA;\n",
              "      --hover-fill-color: #174EA6;\n",
              "      --disabled-fill-color: #AAA;\n",
              "      --disabled-bg-color: #DDD;\n",
              "  }\n",
              "\n",
              "  [theme=dark] .colab-df-quickchart {\n",
              "      --bg-color: #3B4455;\n",
              "      --fill-color: #D2E3FC;\n",
              "      --hover-bg-color: #434B5C;\n",
              "      --hover-fill-color: #FFFFFF;\n",
              "      --disabled-bg-color: #3B4455;\n",
              "      --disabled-fill-color: #666;\n",
              "  }\n",
              "\n",
              "  .colab-df-quickchart {\n",
              "    background-color: var(--bg-color);\n",
              "    border: none;\n",
              "    border-radius: 50%;\n",
              "    cursor: pointer;\n",
              "    display: none;\n",
              "    fill: var(--fill-color);\n",
              "    height: 32px;\n",
              "    padding: 0;\n",
              "    width: 32px;\n",
              "  }\n",
              "\n",
              "  .colab-df-quickchart:hover {\n",
              "    background-color: var(--hover-bg-color);\n",
              "    box-shadow: 0 1px 2px rgba(60, 64, 67, 0.3), 0 1px 3px 1px rgba(60, 64, 67, 0.15);\n",
              "    fill: var(--button-hover-fill-color);\n",
              "  }\n",
              "\n",
              "  .colab-df-quickchart-complete:disabled,\n",
              "  .colab-df-quickchart-complete:disabled:hover {\n",
              "    background-color: var(--disabled-bg-color);\n",
              "    fill: var(--disabled-fill-color);\n",
              "    box-shadow: none;\n",
              "  }\n",
              "\n",
              "  .colab-df-spinner {\n",
              "    border: 2px solid var(--fill-color);\n",
              "    border-color: transparent;\n",
              "    border-bottom-color: var(--fill-color);\n",
              "    animation:\n",
              "      spin 1s steps(1) infinite;\n",
              "  }\n",
              "\n",
              "  @keyframes spin {\n",
              "    0% {\n",
              "      border-color: transparent;\n",
              "      border-bottom-color: var(--fill-color);\n",
              "      border-left-color: var(--fill-color);\n",
              "    }\n",
              "    20% {\n",
              "      border-color: transparent;\n",
              "      border-left-color: var(--fill-color);\n",
              "      border-top-color: var(--fill-color);\n",
              "    }\n",
              "    30% {\n",
              "      border-color: transparent;\n",
              "      border-left-color: var(--fill-color);\n",
              "      border-top-color: var(--fill-color);\n",
              "      border-right-color: var(--fill-color);\n",
              "    }\n",
              "    40% {\n",
              "      border-color: transparent;\n",
              "      border-right-color: var(--fill-color);\n",
              "      border-top-color: var(--fill-color);\n",
              "    }\n",
              "    60% {\n",
              "      border-color: transparent;\n",
              "      border-right-color: var(--fill-color);\n",
              "    }\n",
              "    80% {\n",
              "      border-color: transparent;\n",
              "      border-right-color: var(--fill-color);\n",
              "      border-bottom-color: var(--fill-color);\n",
              "    }\n",
              "    90% {\n",
              "      border-color: transparent;\n",
              "      border-bottom-color: var(--fill-color);\n",
              "    }\n",
              "  }\n",
              "</style>\n",
              "\n",
              "  <script>\n",
              "    async function quickchart(key) {\n",
              "      const quickchartButtonEl =\n",
              "        document.querySelector('#' + key + ' button');\n",
              "      quickchartButtonEl.disabled = true;  // To prevent multiple clicks.\n",
              "      quickchartButtonEl.classList.add('colab-df-spinner');\n",
              "      try {\n",
              "        const charts = await google.colab.kernel.invokeFunction(\n",
              "            'suggestCharts', [key], {});\n",
              "      } catch (error) {\n",
              "        console.error('Error during call to suggestCharts:', error);\n",
              "      }\n",
              "      quickchartButtonEl.classList.remove('colab-df-spinner');\n",
              "      quickchartButtonEl.classList.add('colab-df-quickchart-complete');\n",
              "    }\n",
              "    (() => {\n",
              "      let quickchartButtonEl =\n",
              "        document.querySelector('#df-a1216edf-033d-483c-b72a-f0064070396a button');\n",
              "      quickchartButtonEl.style.display =\n",
              "        google.colab.kernel.accessAllowed ? 'block' : 'none';\n",
              "    })();\n",
              "  </script>\n",
              "</div>\n",
              "\n",
              "    </div>\n",
              "  </div>\n"
            ],
            "application/vnd.google.colaboratory.intrinsic+json": {
              "type": "dataframe",
              "summary": "{\n  \"name\": \"boston_df\",\n  \"rows\": 14,\n  \"fields\": [\n    {\n      \"column\": \"CRIM\",\n      \"properties\": {\n        \"dtype\": \"number\",\n        \"std\": 0.44268940374745563,\n        \"min\": -0.391363016774663,\n        \"max\": 1.0,\n        \"num_unique_values\": 14,\n        \"samples\": [\n          0.5805949228602418,\n          -0.38141149968850474,\n          1.0\n        ],\n        \"semantic_type\": \"\",\n        \"description\": \"\"\n      }\n    },\n    {\n      \"column\": \"ZN\",\n      \"properties\": {\n        \"dtype\": \"number\",\n        \"std\": 0.48836920931100114,\n        \"min\": -0.5638013391360147,\n        \"max\": 1.0,\n        \"num_unique_values\": 14,\n        \"samples\": [\n          -0.31237143171003456,\n          0.17130301168642606,\n          -0.19117750796399088\n        ],\n        \"semantic_type\": \"\",\n        \"description\": \"\"\n      }\n    },\n    {\n      \"column\": \"INDUS\",\n      \"properties\": {\n        \"dtype\": \"number\",\n        \"std\": 0.5777980127249581,\n        \"min\": -0.7117092969334277,\n        \"max\": 1.0,\n        \"num_unique_values\": 14,\n        \"samples\": [\n          0.731055347219882,\n          -0.360532381694253,\n          0.40186262608793444\n        ],\n        \"semantic_type\": \"\",\n        \"description\": \"\"\n      }\n    },\n    {\n      \"column\": \"CHAS\",\n      \"properties\": {\n        \"dtype\": \"number\",\n        \"std\": 0.27623905844746943,\n        \"min\": -0.11130376134425633,\n        \"max\": 1.0,\n        \"num_unique_values\": 14,\n        \"samples\": [\n          -0.03230408887350646,\n          0.05126426937221572,\n          -0.05435546787166737\n        ],\n        \"semantic_type\": \"\",\n        \"description\": \"\"\n      }\n    },\n    {\n      \"column\": \"NOX\",\n      \"properties\": {\n        \"dtype\": \"number\",\n        \"std\": 0.5730165839828013,\n        \"min\": -0.7692301132258282,\n        \"max\": 1.0,\n        \"num_unique_values\": 14,\n        \"samples\": [\n          0.6680232004030217,\n          -0.3800506377924,\n          0.4171302649830509\n        ],\n        \"semantic_type\": \"\",\n        \"description\": \"\"\n      }\n    },\n    {\n      \"column\": \"RM\",\n      \"properties\": {\n        \"dtype\": \"number\",\n        \"std\": 0.450612409089418,\n        \"min\": -0.6143389554550611,\n        \"max\": 1.0,\n        \"num_unique_values\": 14,\n        \"samples\": [\n          -0.2920478326232189,\n          0.1280686350925421,\n          -0.21914959288555283\n        ],\n        \"semantic_type\": \"\",\n        \"description\": \"\"\n      }\n    },\n    {\n      \"column\": \"AGE\",\n      \"properties\": {\n        \"dtype\": \"number\",\n        \"std\": 0.5355047380596725,\n        \"min\": -0.7448438643653942,\n        \"max\": 1.0,\n        \"num_unique_values\": 14,\n        \"samples\": [\n          0.5091137761399072,\n          -0.2753026526346097,\n          0.35434175245083444\n        ],\n        \"semantic_type\": \"\",\n        \"description\": \"\"\n      }\n    },\n    {\n      \"column\": \"DIS\",\n      \"properties\": {\n        \"dtype\": \"number\",\n        \"std\": 0.5513330531449456,\n        \"min\": -0.7692301132258282,\n        \"max\": 1.0,\n        \"num_unique_values\": 14,\n        \"samples\": [\n          -0.5344315844084577,\n          0.2915116731330399,\n          -0.37416563266576663\n        ],\n        \"semantic_type\": \"\",\n        \"description\": \"\"\n      }\n    },\n    {\n      \"column\": \"RAD\",\n      \"properties\": {\n        \"dtype\": \"number\",\n        \"std\": 0.5231815011008156,\n        \"min\": -0.4945879296720758,\n        \"max\": 1.0,\n        \"num_unique_values\": 14,\n        \"samples\": [\n          0.9102281885331865,\n          -0.44441281557512585,\n          0.6247645722443333\n        ],\n        \"semantic_type\": \"\",\n        \"description\": \"\"\n      }\n    },\n    {\n      \"column\": \"TAX\",\n      \"properties\": {\n        \"dtype\": \"number\",\n        \"std\": 0.5550363409805827,\n        \"min\": -0.5344315844084577,\n        \"max\": 1.0,\n        \"num_unique_values\": 14,\n        \"samples\": [\n          1.0,\n          -0.44180800672281423,\n          0.5805949228602418\n        ],\n        \"semantic_type\": \"\",\n        \"description\": \"\"\n      }\n    },\n    {\n      \"column\": \"PTRATIO\",\n      \"properties\": {\n        \"dtype\": \"number\",\n        \"std\": 0.4272253062091652,\n        \"min\": -0.5077866855375623,\n        \"max\": 1.0,\n        \"num_unique_values\": 14,\n        \"samples\": [\n          0.4608530350656702,\n          -0.1773833023052333,\n          0.28111001444629663\n        ],\n        \"semantic_type\": \"\",\n        \"description\": \"\"\n      }\n    },\n    {\n      \"column\": \"B\",\n      \"properties\": {\n        \"dtype\": \"number\",\n        \"std\": 0.4159307623471782,\n        \"min\": -0.44441281557512585,\n        \"max\": 1.0,\n        \"num_unique_values\": 14,\n        \"samples\": [\n          -0.44180800672281423,\n          1.0,\n          -0.38141149968850474\n        ],\n        \"semantic_type\": \"\",\n        \"description\": \"\"\n      }\n    },\n    {\n      \"column\": \"LSTAT\",\n      \"properties\": {\n        \"dtype\": \"number\",\n        \"std\": 0.5624936145901186,\n        \"min\": -0.7358220118060537,\n        \"max\": 1.0,\n        \"num_unique_values\": 14,\n        \"samples\": [\n          0.5361097452741745,\n          -0.3698887405885588,\n          0.4449429572187259\n        ],\n        \"semantic_type\": \"\",\n        \"description\": \"\"\n      }\n    },\n    {\n      \"column\": \"MEDV\",\n      \"properties\": {\n        \"dtype\": \"number\",\n        \"std\": 0.5300336340626007,\n        \"min\": -0.7358220118060537,\n        \"max\": 1.0,\n        \"num_unique_values\": 14,\n        \"samples\": [\n          -0.4685359335677667,\n          0.3334608196570662,\n          -0.391363016774663\n        ],\n        \"semantic_type\": \"\",\n        \"description\": \"\"\n      }\n    }\n  ]\n}"
            }
          },
          "metadata": {},
          "execution_count": 45
        }
      ]
    }
  ]
}